
% First column: Flexion
% Second column: Extension 
MVC = [151.9335,123.7957;
    186.5437 133.4478;
    107.9578 111.9085;
    286.2434 158.5338;
    147.3375 81.4414;
    162.9539 128.6138;
    144.5190 92.0938;
    267.9004 164.1648;
    155.6638 101.5080; 
    282.8315 210.7086; 
    139.0904 130.0146;
    118.5137 59.5597];